2.458806800671296194e+06 -1.236698326390595071e-01
2.458806800486111082e+06 -5.462616439266554380e-02
2.458806800648148172e+06 -4.280890664953318492e-02
2.458806799826388713e+06 -4.262199284114842612e-02
2.458806799884259235e+06 -4.177535874168825103e-02
2.458806800347222015e+06 -3.585049929996841911e-02
2.458806800185185391e+06 -3.428508693429677123e-02
2.458806799756944645e+06 -3.201317806452763648e-02
2.458806799861111213e+06 -2.074514646058389644e-02
2.458806799803240690e+06 -1.915936534729212326e-02
2.458806800532407593e+06 -1.855583251550285695e-02
2.458806800405092537e+06 -4.408627950148513719e-03
2.458806800243055448e+06 -3.315153392296821266e-03
2.458806800289351959e+06 -2.311002268058359732e-03
2.458806800752314739e+06 -7.905334204458824843e-04
2.458806801932870410e+06 -6.809145228174884323e-04
2.458806799942129757e+06 1.062335962959792823e-03
2.458806799976851791e+06 1.660748466154160496e-03
2.458806800428240560e+06 3.466199368084232901e-03
2.458806800613426138e+06 4.656879166461180830e-03
2.458806800011574291e+06 5.861229395357270278e-03
2.458806800138888881e+06 9.852924269665663815e-03
2.458806800879629795e+06 1.553724721131288788e-02
2.458806800162036903e+06 1.646804608109775359e-02
2.458806800509259105e+06 1.716894616302866439e-02
2.458806797696759459e+06 1.780853207084476253e-02
2.458806800567129627e+06 2.723353360048363925e-02
2.458806800451389048e+06 3.174159288538902501e-02
2.458806799780092668e+06 3.552641556515112597e-02
2.458806800266203936e+06 3.651909188672419759e-02
2.458806800810185261e+06 3.888367380874058199e-02
2.458806796597222332e+06 4.339027681130147585e-02
2.458806800034722313e+06 4.406071697518854080e-02
2.458806796203703620e+06 4.470905320569684704e-02
2.458806796412037220e+06 4.732058376420056334e-02
2.458806800729166716e+06 4.934570750165079289e-02
2.458806795891203918e+06 5.184302953779607037e-02
2.458806796435185242e+06 5.191494195555890201e-02
2.458806800069444347e+06 5.419108859499033315e-02
2.458806800104166847e+06 6.134475460062205343e-02
2.458806800787037238e+06 6.516234531016351639e-02
2.458806800590277649e+06 6.553882628295681911e-02
2.458806795972221997e+06 6.890003260559396381e-02
2.458806797719907481e+06 7.002075403552154853e-02
2.458806800694444217e+06 7.078666054219340253e-02
2.458806796851851977e+06 7.272583906697605016e-02
2.458806800370370504e+06 7.351032768198706435e-02
2.458806796770833433e+06 7.432703183485855902e-02
2.458806802094907500e+06 7.446925675214899343e-02
2.458806801516203675e+06 7.464440643283154486e-02
2.458806797534722369e+06 7.765804702263423565e-02
2.458806796701388899e+06 7.847758640210855674e-02
2.458806798391203862e+06 8.124830718905684535e-02
2.458806796145833563e+06 8.304045616597477419e-02
2.458806797662036959e+06 8.325795466345198292e-02
2.458806803773147985e+06 8.359469940734598481e-02
2.458806796932870522e+06 8.459376570650789517e-02
2.458806798287036829e+06 8.475158464295162730e-02
2.458806800925925840e+06 8.594792301256859446e-02
2.458806799178240821e+06 8.645005691212048760e-02
2.458806800208333414e+06 8.877477555445523194e-02
2.458806797094907612e+06 8.995393150847164065e-02
2.458806803587962873e+06 9.026431302822146563e-02
2.458806796909722034e+06 9.061376159810308195e-02
2.458806796273148153e+06 9.089197169461016301e-02
2.458806800324073993e+06 9.097064418606848335e-02
2.458806796956018545e+06 9.146376275492684726e-02
2.458806797175926156e+06 9.463147477291045107e-02
2.458806801006944384e+06 9.499235404688022300e-02
2.458806797060185112e+06 9.670357985390509725e-02
2.458806797210648190e+06 9.744230630675332350e-02
2.458806797314814758e+06 9.879273410133748712e-02
2.458806797280092724e+06 1.001525281314634697e-01
2.458806796122685075e+06 1.004160061250232161e-01
2.458806797777778003e+06 1.020401803910928606e-01
2.458806797395833302e+06 1.022163827228297350e-01
2.458806803923611064e+06 1.022859308931920452e-01
2.458806799328703899e+06 1.027778696197891861e-01
2.458806798310185317e+06 1.030374978382262441e-01
2.458806795798610896e+06 1.031609780268318843e-01
2.458806795798610896e+06 1.031609780268318843e-01
2.458806797824074049e+06 1.065578698655222922e-01
2.458806796087963041e+06 1.080670278315167820e-01
2.458806801493055653e+06 1.088690771542246694e-01
2.458806796377314720e+06 1.093244355641331822e-01
2.458806797361111268e+06 1.095459579045190424e-01
2.458806801134259440e+06 1.097954770726126128e-01
2.458806801435185131e+06 1.107885747323713588e-01
2.458806798252314795e+06 1.134348732395373816e-01
2.458806796875000000e+06 1.135365465922859585e-01
2.458806798888888676e+06 1.138105866296115209e-01
2.458806803402777761e+06 1.140833711964965858e-01
2.458806797430555336e+06 1.144573009888745219e-01
2.458806801979166456e+06 1.158655336852270068e-01
2.458806796168981586e+06 1.159671542369480335e-01
2.458806796747685410e+06 1.160790204075183851e-01
2.458806796458333265e+06 1.167098194472018236e-01
2.458806796724536922e+06 1.171834200353956135e-01
2.458806803460648283e+06 1.179567799920562265e-01
2.458806799652777612e+06 1.187931243432309714e-01
2.458806796805555467e+06 1.205535331876248506e-01
2.458806796250000130e+06 1.206872597345167719e-01
2.458806795925925951e+06 1.213556023929669436e-01
2.458806801053240895e+06 1.233466920435972725e-01
2.458806796562499832e+06 1.240574250609185469e-01
2.458806796828703489e+06 1.261607182951891559e-01
2.458806803865740541e+06 1.267600898719081215e-01
2.458806797638888936e+06 1.269785962306997362e-01
2.458806801412037108e+06 1.270938156754155557e-01
2.458806798067129683e+06 1.274850416226520622e-01
2.458806796666666865e+06 1.276803303606186546e-01
2.458806798912037164e+06 1.276844346469125924e-01
2.458806796226851642e+06 1.283086853364814317e-01
2.458806796990740579e+06 1.283975901638996220e-01
2.458806796481481288e+06 1.284830932243501422e-01
2.458806797118055634e+06 1.297427921184919342e-01
2.458806802060185000e+06 1.299528415706596718e-01
2.458806796354166698e+06 1.302674110997230628e-01
2.458806803958333563e+06 1.313612382889672858e-01
2.458806798275462817e+06 1.314651402059467955e-01
2.458806799282407388e+06 1.320590977460014415e-01
2.458806798043981660e+06 1.321892410820133534e-01
2.458806796053240541e+06 1.322732836466968820e-01
2.458806803749999963e+06 1.328623055975981515e-01
2.458806803310185205e+06 1.344221462002046508e-01
2.458806799432870466e+06 1.346001360525157509e-01
2.458806798819444608e+06 1.349215863117905201e-01
2.458806796307870187e+06 1.350672328050492865e-01
2.458806798668981530e+06 1.356327661925362804e-01
2.458806801238426007e+06 1.385386317564609726e-01
2.458806799201388843e+06 1.387942851171786174e-01
2.458806801793981344e+06 1.398914542911811054e-01
2.458806803703703918e+06 1.412213229595913333e-01
2.458806801898148376e+06 1.418537761988254431e-01
2.458806797141203657e+06 1.425357785602905381e-01
2.458806797037037089e+06 1.439373713263627508e-01
2.458806797962963115e+06 1.443814864305359436e-01
2.458806796643518377e+06 1.447709036496434010e-01
2.458806803726851940e+06 1.454267291120103778e-01
2.458806797615740914e+06 1.464513937939102561e-01
2.458806802592592780e+06 1.474290244108544812e-01
2.458806801342592575e+06 1.486744572311167190e-01
2.458806803194444627e+06 1.503085808813970914e-01
2.458806796620370355e+06 1.507995456866275674e-01
2.458806796018518507e+06 1.509254322575515062e-01
2.458806801539351698e+06 1.511482295500599093e-01
2.458806803229166660e+06 1.511894563088524990e-01
2.458806803148148116e+06 1.513357172935307915e-01
2.458806803842592519e+06 1.520358633542393534e-01
2.458806803171296138e+06 1.531911680893074390e-01
2.458806798958333209e+06 1.549194191032583490e-01
2.458806799722222146e+06 1.549935402635149728e-01
2.458806797499999870e+06 1.549977450221859954e-01
2.458806802268518601e+06 1.558944928549479414e-01
2.458806798333333340e+06 1.567466790006371014e-01
2.458806797569444403e+06 1.569329909859895622e-01
2.458806799548611045e+06 1.573115145101340318e-01
2.458806802349537145e+06 1.575045611785199640e-01
2.458806802569444291e+06 1.582683181486324031e-01
2.458806798599536996e+06 1.583221223540007827e-01
2.458806802916666493e+06 1.583526629541509578e-01
2.458806802453703713e+06 1.585600017036874476e-01
2.458806801296296064e+06 1.594884138746053281e-01
2.458806796516203787e+06 1.596321894116350393e-01
2.458806798541666474e+06 1.609157930708562390e-01
2.458806800902777817e+06 1.611748890780795307e-01
2.458806799259259365e+06 1.619275338364545291e-01
2.458806798634259030e+06 1.620631521702975419e-01
2.458806801770833321e+06 1.634781317470768158e-01
2.458806798842592631e+06 1.636101762239938751e-01
2.458806798993055709e+06 1.637474629310489149e-01
2.458806803032407537e+06 1.639429493412478678e-01
2.458806797245370224e+06 1.641722961749962906e-01
2.458806801458333153e+06 1.653312291534518863e-01
2.458806798935185187e+06 1.657088293206889773e-01
2.458806797592592426e+06 1.671276528539422657e-01
2.458806797754629515e+06 1.674947709946223995e-01
2.458806797013889067e+06 1.684949914827349460e-01
2.458806801597222220e+06 1.685851943680276577e-01
2.458806796539351810e+06 1.693660103437153452e-01
2.458806798437499907e+06 1.694888280128594715e-01
2.458806797465277836e+06 1.697967496672454502e-01
2.458806802222222090e+06 1.712813136307431705e-01
2.458806800949073862e+06 1.713995085166075683e-01
2.458806801377314609e+06 1.729328500692624004e-01
2.458806803506944329e+06 1.729975966183481262e-01
2.458806802754629403e+06 1.738647810076940914e-01
2.458806802500000224e+06 1.739028482404165743e-01
2.458806801319444552e+06 1.747887187240273477e-01
2.458806803379629739e+06 1.748599135080510791e-01
2.458806802384259179e+06 1.750919475399790315e-01
2.458806798495370429e+06 1.761295730751335498e-01
2.458806802731481381e+06 1.761774124971893229e-01
2.458806802430555690e+06 1.763934335493644312e-01
2.458806799062499776e+06 1.768609684785360514e-01
2.458806799386573955e+06 1.773967360659192138e-01
2.458806801736111287e+06 1.777572703197414228e-01
2.458806798125000205e+06 1.795793925762581011e-01
2.458806796331018675e+06 1.802672581927495798e-01
2.458806802638888825e+06 1.821346715485603340e-01
2.458806799305555411e+06 1.828869142654738766e-01
2.458806803900463041e+06 1.834292410216953328e-01
2.458806798171296250e+06 1.842471126557896355e-01
2.458806798518518452e+06 1.843330035634735964e-01
2.458806798148148227e+06 1.846878339280166870e-01
2.458806799409722444e+06 1.851383411814282454e-01
2.458806798715277575e+06 1.851494366725354723e-01
2.458806798750000075e+06 1.856797472722604425e-01
2.458806798773148097e+06 1.859432614504399339e-01
2.458806803425925784e+06 1.861690374688009797e-01
2.458806797800926026e+06 1.869127780005186423e-01
2.458806803055555560e+06 1.883294993149284835e-01
2.458806801817129832e+06 1.885349678535419571e-01
2.458806801157407463e+06 1.910278752135923241e-01
2.458806802835647948e+06 1.938822776653310598e-01
2.458806799571759067e+06 1.972739726850072373e-01
2.458806802673611324e+06 1.981483587411752012e-01
2.458806801620370243e+06 1.994349369800758609e-01
2.458806803634259384e+06 1.995891966172287368e-01
2.458806802893518470e+06 2.003580241595237510e-01
2.458806803819444496e+06 2.011146762765250173e-01
2.458806802997685038e+06 2.028048882368942429e-01
2.458806799594907556e+06 2.054777848557769460e-01
2.458806797939814627e+06 2.061671798823354607e-01
2.458806803090277594e+06 2.069827519803340010e-01
2.458806799618055578e+06 2.069863668633047382e-01
2.458806802812499925e+06 2.076727631462844670e-01
2.458806803113426082e+06 2.086446873472205255e-01
2.458806802777777892e+06 2.130586606314821552e-01
2.458806802974537015e+06 2.139114282037901660e-01
2.458806801678240765e+06 2.144137556166221259e-01
2.458806798796296120e+06 2.144870626577386474e-01
2.458806802696759347e+06 2.163628717052148431e-01
2.458806797847222071e+06 2.181542207267455069e-01
2.458806801562500186e+06 2.186793710586378836e-01
2.458806802858796436e+06 2.208743547377096661e-01
2.458806799120370299e+06 2.211316532295910520e-01
2.458806798090277705e+06 2.216732703833805829e-01
2.458806798460647929e+06 2.220201282220699568e-01
2.458806801851851866e+06 2.236120571178261685e-01
2.458806799363425933e+06 2.271601984365041460e-01
2.458806801712962799e+06 2.278640990970899338e-01
2.458806802951388992e+06 2.320662189718447621e-01
2.458806802152777556e+06 2.375356864084530173e-01
2.458806797905092593e+06 2.378178460705626662e-01
2.458806803541666828e+06 2.382228575503084755e-01
2.458806801874999888e+06 2.389782378541980279e-01
2.458806799143518321e+06 2.410203126735375179e-01
2.458806803333333228e+06 2.422305754311722126e-01
2.458806797881944571e+06 2.423855380915540536e-01
2.458806799687500112e+06 2.429370418492773354e-01
2.458806795844907407e+06 2.431749397252218614e-01
2.458806801655092742e+06 2.447175414007034533e-01
2.458806798356481362e+06 2.450245592480619905e-01
2.458806803668981418e+06 2.461998134105307656e-01
2.458806802534722257e+06 2.502379851541007838e-01
2.458806801956018433e+06 2.507519050384026116e-01
2.458806799467592500e+06 2.543095262346959373e-01
2.458806801180555485e+06 2.566502337659457567e-01
2.458806803287037183e+06 2.597884297937120834e-01
2.458806800972222351e+06 2.612058583667717926e-01
2.458806802013888955e+06 2.623877762078272724e-01
2.458806799224536866e+06 2.659684094267404930e-01
2.458806803252314683e+06 2.747632538450801576e-01
2.458806802615740802e+06 2.781732682439859161e-01
2.458806802037036978e+06 3.012825977677948686e-01
2.458806802129629534e+06 3.331961184529070863e-01
2.458806802199074067e+06 3.794222731251721825e-01
