2.458776954988426063e+06
2.458776954988426063e+06
2.458776982951388694e+06
2.458778052361111157e+06
2.458778055439814925e+06
2.458778058599537238e+06
2.458778061724537052e+06
2.458778064837962855e+06
2.458778068032407202e+06
2.458778071250000037e+06
2.458778074386573862e+06
2.458778077534722164e+06
2.458778080648147967e+06
2.458776986053240951e+06
2.458778083865740802e+06
2.458778087013889104e+06
2.458778096226851922e+06
2.458778102511574049e+06
2.458778105624999851e+06
2.458778108842592686e+06
2.458778111932870466e+06
2.458776989143518731e+06
2.458778115127314813e+06
2.458778118263889104e+06
2.458778121342592407e+06
2.458778124525462743e+06
2.458778127650463022e+06
2.458778130763888825e+06
2.458778133935185149e+06
2.458778137094907463e+06
2.458778140243055765e+06
2.458778143356481567e+06
2.458776992337963078e+06
2.458778152743055485e+06
2.458778155902777798e+06
2.458778159120370168e+06
2.458778162291666493e+06
2.458778165451388806e+06
2.458778168530092575e+06
2.458778171643518377e+06
2.458779050879629795e+06
2.458776995428240858e+06
2.458779053993055597e+06
2.458779057118055411e+06
2.458779060254629701e+06
2.458779063344907481e+06
2.458779066446759272e+06
2.458779069537037052e+06
2.458779072638888843e+06
2.458779075729166623e+06
2.458779078831018414e+06
2.458779081875000149e+06
2.458776998564814683e+06
2.458779085115740541e+06
2.458779088206018321e+06
2.458779091250000056e+06
2.458779094351851847e+06
2.458779097442129627e+06
2.458779100636573974e+06
2.458779103749999776e+06
2.458779106967592612e+06
2.458779110057870392e+06
2.458779113136574160e+06
2.458777001712962985e+06
2.458779116203703918e+06
2.458779119444444310e+06
2.458779122534722090e+06
2.458779125636573881e+06
2.458779128750000149e+06
2.458779131932870485e+06
2.458779135057870299e+06
2.458779138125000056e+06
2.458779141273148358e+06
2.458779144386574160e+06
2.458777004849536810e+06
2.458779147488425951e+06
2.458779150578703731e+06
2.458779153773148078e+06
2.458779156898148358e+06
2.458779160034722183e+06
2.458779163182870485e+06
2.458779166365740821e+06
2.458779169513888657e+06
2.458779935648147948e+06
2.458779938738425728e+06
2.458777007951389067e+06
2.458779941817129496e+06
2.458779944907407276e+06
2.458779948078703601e+06
2.458779951192129403e+06
2.458779957476851996e+06
2.458779960624999832e+06
2.458779963715277612e+06
2.458779969930555671e+06
2.458777011111110914e+06
2.458779976168981288e+06
2.458779979270833544e+06
2.458779982453703880e+06
2.458779985578703694e+06
2.458779988715277985e+06
2.458779991863425821e+06
2.458779994976851624e+06
2.458780000983796082e+06
2.458780005300926045e+06
2.458776958090277854e+06
2.458777014236111194e+06
2.458780008344907314e+06
2.458780011331018526e+06
2.458780029097222257e+06
2.458780032187500037e+06
2.458780035266203806e+06
2.458780038356481586e+06
2.458780041481481399e+06
2.458780044594907202e+06
2.458780050856481306e+06
2.458780053981481586e+06
2.458777017337962985e+06
2.458780057048611343e+06
2.458780060150463134e+06
2.458780063263888936e+06
2.458780066331018694e+06
2.458780069409721997e+06
2.458780072546296287e+06
2.458780075648148078e+06
2.458780078761573881e+06
2.458780081840277649e+06
2.458780088055555709e+06
2.458777020474536810e+06
2.458780091145833489e+06
2.458780094259259291e+06
2.458780097407407593e+06
2.458780100520833395e+06
2.458780968599536922e+06
2.458780971747685224e+06
2.458780977939814795e+06
2.458780981053240597e+06
2.458780984131944366e+06
2.458777023599537089e+06
2.458780987199074123e+06
2.458780990266203880e+06
2.458780993414351717e+06
2.458780996504629496e+06
2.458780999583333265e+06
2.458781002696759067e+06
2.458781005821759347e+06
2.458781008912037127e+06
2.458781012037036940e+06
2.458781015127314720e+06
2.458777026759259403e+06
2.458781018252315000e+06
2.458781021388888825e+06
2.458781024490740616e+06
2.458781027581018396e+06
2.458781030648148153e+06
2.458781033773147967e+06
2.458781036875000224e+06
2.458781040104166605e+06
2.458781043252314907e+06
2.458781046388888732e+06
2.458777029861111194e+06
2.458781049537037034e+06
2.458781052673611324e+06
2.458781055798611138e+06
2.458781058865740895e+06
2.458781061990740709e+06
2.458781064988425933e+06
2.458781067962963134e+06
2.458781087453703862e+06
2.458781090567129664e+06
2.458781093668981455e+06
2.458777032997685019e+06
2.458781096759259235e+06
2.458781099976852071e+06
2.458781103067129850e+06
2.458781106157407630e+06
2.458781109282407444e+06
2.458781112372685224e+06
2.458781115474537015e+06
2.458781121643518563e+06
2.458781124756944366e+06
2.458781127905092668e+06
2.458777036134259310e+06
2.458781131041666493e+06
2.458781140520833433e+06
2.458781143518518656e+06
2.458781146504629403e+06
2.458781153206018731e+06
2.458781156307870522e+06
2.458781159398148302e+06
2.458781162592592649e+06
2.458781165798611008e+06
2.458781168923611287e+06
2.458777039236111101e+06
2.458781175162036903e+06
2.458777042349536903e+06
2.458776961226851679e+06
2.458777045451388694e+06
2.458777048518518452e+06
2.458777051620370243e+06
2.458777054733796511e+06
2.458777057835648302e+06
2.458777060972222127e+06
2.458777064120370429e+06
2.458777067233796231e+06
2.458777070300925989e+06
2.458777073425925802e+06
2.458776964374999981e+06
2.458777076562500093e+06
2.458777079710647929e+06
2.458777082881944254e+06
2.458777086041666567e+06
2.458777089120370336e+06
2.458777092210648116e+06
2.458777095358796418e+06
2.458777098518518731e+06
2.458777101666666567e+06
2.458777104756944347e+06
2.458776967557870317e+06
2.458777107928240672e+06
2.458777111018518452e+06
2.458777114178240765e+06
2.458777117256944533e+06
2.458777120439814869e+06
2.458777123564814683e+06
2.458777126666666474e+06
2.458777129780092742e+06
2.458777132962963078e+06
2.458777136087962892e+06
2.458776970497685019e+06
2.458777139305555727e+06
2.458777142442129552e+06
2.458777145543981344e+06
2.458777148657407612e+06
2.458777154895833228e+06
2.458777157962962985e+06
2.458777161134259310e+06
2.458777164201389067e+06
2.458777170393518638e+06
2.458777949305555783e+06
2.458776973622685298e+06
2.458777958715277724e+06
2.458777961805555504e+06
2.458777964976851828e+06
2.458777968090277631e+06
2.458777971203703899e+06
2.458777974305555690e+06
2.458777983680555597e+06
2.458777986828703899e+06
2.458776976782407612e+06
2.458777989918981679e+06
2.458777993159722071e+06
2.458777996249999851e+06
2.458777999351851642e+06
2.458778005567129701e+06
2.458778008703703526e+06
2.458778011828703806e+06
2.458778014988426119e+06
2.458778018182870466e+06
2.458776979884259403e+06
2.458778021273148246e+06
2.458778024421296082e+06
2.458778027488425840e+06
2.458778030578703620e+06
2.458778033703703899e+06
2.458778036793981679e+06
2.458778039895833470e+06
2.458778046180555597e+06
2.458778049293981399e+06
